---
year: "1992"
title: "1992 Statistics"
type: "statistics"
---

## Season Batting

| Player | Inns | No | Runs | Ave |
|:--|:--|:--|:--|:--|
| **Ian Marshall** | 12 | 2 | 367 | 36.7 |
| **Richard Earney** | 12 | 0 | 281 | 23.41 |
| **Simon Barrowcliff** | 10 | 1 | 253 | 28.11 |
| **Steven Hornsby** | 7 | 0 | 208 | 29.71 |
| **Richard Beswick** | 12 | 3 | 199 | 22.11 |
| **Jim Grant** | 6 | 0 | 67 | 11.16 |
| **William Calvert** | 10 | 0 | 57 | 5.7 |
| **Andrew Fielding** | 4 | 0 | 55 | 13.75 |
| **Graeme Wright** | 9 | 4 | 42 | 8.4 |
| **Andrew MacFarlane** | 3 | 0 | 38 | 12.66 |
| **Jerry Wright** | 5 | 1 | 32 | 8 |
| **Bob Colethorpe** | 5 | 0 | 25 | 5 |
| **Dominic Flint** | 1 | 0 | 23 | 23 |
| **Edward Garland** | 2 | 1 | 20 | 20 |
| **Mark Kirwan** | 1 | 0 | 19 | 19 |
| **Edward Harcourt** | 3 | 0 | 17 | 5.66 |
| **Richard Olver** | 1 | 1 | 17 | - |
| **John Cunningham-Rolls** | 2 | 1 | 15 | 15 |
| **Tim Horsey** | 4 | 1 | 12 | 4 |
| **Andrew Garthwaite** | 1 | 0 | 9 | 9 |
| **Pete Grant** | 2 | 0 | 7 | 3.5 |
| **Nicholas Morse** | 2 | 0 | 4 | 2 |
| **Lyon** | 1 | 1 | 4 | - |
| **Mark Gardiner** | 1 | 0 | 4 | 4 |
| **Alan Sylvester** | 1 | 0 | 4 | 4 |
| **Nicholas Beswick** | 1 | 0 | 2 | 2 |
| **Bill Pigott** | 1 | 0 | 1 | 1 |
| **Janette Earney** | 1 | 1 | 0 | - |
| **Sile McGuchian** | 1 | 0 | 0 | 0 |
| **Tina McGuchian** | 1 | 0 | 0 | 0 |
| **Andrew Gallagher** | 1 | 0 | 0 | 0 |
| **John Carmichael** | 1 | 0 | 0 | 0 |

## Season Batting (by ave)

| Player | Inns | No | Runs | Ave |
|:--|:--|:--|:--|:--|
| **Ian Marshall** | 12 | 2 | 367 | 36.7 |
| **Steven Hornsby** | 7 | 0 | 208 | 29.71 |
| **Simon Barrowcliff** | 10 | 1 | 253 | 28.11 |
| **Richard Earney** | 12 | 0 | 281 | 23.41 |
| **Dominic Flint** | 1 | 0 | 23 | 23 |
| **Richard Beswick** | 12 | 3 | 199 | 22.11 |
| **Edward Garland** | 2 | 1 | 20 | 20 |
| **Mark Kirwan** | 1 | 0 | 19 | 19 |
| **John Cunningham-Rolls** | 2 | 1 | 15 | 15 |
| **Andrew Fielding** | 4 | 0 | 55 | 13.75 |
| **Andrew MacFarlane** | 3 | 0 | 38 | 12.66 |
| **Jim Grant** | 6 | 0 | 67 | 11.16 |
| **Andrew Garthwaite** | 1 | 0 | 9 | 9 |
| **Graeme Wright** | 9 | 4 | 42 | 8.4 |
| **Jerry Wright** | 5 | 1 | 32 | 8 |
| **William Calvert** | 10 | 0 | 57 | 5.7 |
| **Edward Harcourt** | 3 | 0 | 17 | 5.66 |
| **Bob Colethorpe** | 5 | 0 | 25 | 5 |
| **Tim Horsey** | 4 | 1 | 12 | 4 |
| **Mark Gardiner** | 1 | 0 | 4 | 4 |
| **Alan Sylvester** | 1 | 0 | 4 | 4 |
| **Pete Grant** | 2 | 0 | 7 | 3.5 |
| **Nicholas Morse** | 2 | 0 | 4 | 2 |
| **Nicholas Beswick** | 1 | 0 | 2 | 2 |
| **Bill Pigott** | 1 | 0 | 1 | 1 |
| **Sile McGuchian** | 1 | 0 | 0 | 0 |
| **Tina McGuchian** | 1 | 0 | 0 | 0 |
| **Andrew Gallagher** | 1 | 0 | 0 | 0 |
| **John Carmichael** | 1 | 0 | 0 | 0 |
| **Richard Olver** | 1 | 1 | 17 | - |
| **Lyon** | 1 | 1 | 4 | - |
| **Janette Earney** | 1 | 1 | 0 | - |

## Season Bowling

| Player | O | M | Runs | Wkts | Ave | SR |
|:--|:--|:--|:--|:--|:--|
| **Graeme Wright** | 89 | 10 | 263 | 14 | 18.78 | 38.14 |
| **Ian Marshall** | 64.4 | 20 | 148 | 13 | 11.38 | 29.72 |
| **Richard Beswick** | 54.2 | 9 | 176 | 12 | 14.66 | 27.1 |
| **Steven Hornsby** | 48 | 7 | 185 | 9 | 20.55 | 32 |
| **William Calvert** | 42 | 9 | 158 | 9 | 17.55 | 28 |
| **Jerry Wright** | 31 | 3 | 112 | 9 | 12.44 | 20.66 |
| **John Cunningham-Rolls** | 14 | 3 | 48 | 3 | 16 | 28 |
| **Mark Kirwan** | 10 | 3 | 39 | 3 | 13 | 20 |
| **Dominic Flint** | 13 | 1 | 29 | 3 | 9.66 | 26 |
| **Andrew MacFarlane** | 31 | 2 | 109 | 2 | 54.5 | 93 |
| **Nicholas Morse** | 12 | 2 | 48 | 2 | 24 | 36 |
| **Alan Sylvester** | 6 | 3 | 4 | 2 | 2 | 18 |
| **Bob Colethorpe** | 1.2 | 0 | 2 | 1 | 2 | 7.2 |
| **Lyon** | 7 | 0 | 26 | 1 | 26 | 42 |
| **Edward Garland** | 7 | 1 | 29 | 1 | 29 | 42 |
| **Bill Pigott** | 5 | 1 | 7 | 1 | 7 | 30 |
| **Richard Earney** | 2 | 0 | 11 | 0 | - | - |
| **Simon Barrowcliff** | 2 | 1 | 9 | 0 | - | - |
| **Tim Horsey** | 1.1 | 0 | 7 | 0 | - | - |
| **Edward Harcourt** | 3.2 | 0 | 13 | 0 | - | - |
| **Richard Olver** | 7 | 1 | 40 | 0 | - | - |
| **Sile McGuchian** | 1 | 1 | 0 | 0 | - | - |


## Season Bowling (by ave)

| Player | O | M | Runs | Wkts | Ave | SR |
|:--|:--|:--|:--|:--|:--|
| **Bob Colethorpe** | 1.2 | 0 | 2 | 1 | 2 | 7.2 |
| **Alan Sylvester** | 6 | 3 | 4 | 2 | 2 | 18 |
| **Bill Pigott** | 5 | 1 | 7 | 1 | 7 | 30 |
| **Dominic Flint** | 13 | 1 | 29 | 3 | 9.66 | 26 |
| **Ian Marshall** | 64.4 | 20 | 148 | 13 | 11.38 | 29.72 |
| **Jerry Wright** | 31 | 3 | 112 | 9 | 12.44 | 20.66 |
| **Mark Kirwan** | 10 | 3 | 39 | 3 | 13 | 20 |
| **Richard Beswick** | 54.2 | 9 | 176 | 12 | 14.66 | 27.1 |
| **John Cunningham-Rolls** | 14 | 3 | 48 | 3 | 16 | 28 |
| **William Calvert** | 42 | 9 | 158 | 9 | 17.55 | 28 |
| **Graeme Wright** | 89 | 10 | 263 | 14 | 18.78 | 38.14 |
| **Steven Hornsby** | 48 | 7 | 185 | 9 | 20.55 | 32 |
| **Nicholas Morse** | 12 | 2 | 48 | 2 | 24 | 36 |
| **Lyon** | 7 | 0 | 26 | 1 | 26 | 42 |
| **Edward Garland** | 7 | 1 | 29 | 1 | 29 | 42 |
| **Andrew MacFarlane** | 31 | 2 | 109 | 2 | 54.5 | 93 |

## Career Batting (min 250 Runs)

| Player | M | Inns | NOs | Runs | Ave |
|:---|:---|:---|:---|:---|:---|

## Career Batting by ave (min 250 Runs)

| Player | M | Inns | NOs | Runs | Ave |
|:---|:---|:---|:---|:---|:---|


## Career Bowling (min 25 wkts)

| Player | M | O | M | R | W | Ave | SR |
|:---|:---|:---|:---|:---|:---|:---|:---|


## Career Bowling by ave (min 25 wkts)

| Player | M | O | M | R | W | Ave | SR |
|:---|:---|:---|:---|:---|:---|:---|:---|
