---
year: "1993"
title: "1993 Statistics"
type: "statistics"
---

## Season Batting

| Player | Inns | No | Runs | Ave |
|:--|:--|:--|:--|:--|
| **Simon Barrowcliff** | 7 | 1 | 304 | 50.66 |
| **Steven Hornsby** | 6 | 0 | 257 | 42.83 |
| **Ian Marshall** | 5 | 1 | 147 | 36.75 |
| **Richard Earney** | 7 | 0 | 140 | 20 |
| **Richard Beswick** | 9 | 1 | 113 | 14.12 |
| **John Stimpfig** | 4 | 1 | 89 | 29.66 |
| **William Calvert** | 5 | 3 | 68 | 34 |
| **Will Wright** | 1 | 0 | 53 | 53 |
| **Richard Olver** | 2 | 1 | 49 | 49 |
| **Simon Gardiner** | 1 | 0 | 33 | 33 |
| **Alan Sylvester** | 1 | 1 | 20 | - |
| **Jim Grant** | 3 | 0 | 19 | 6.33 |
| **Edward Garland** | 2 | 1 | 15 | 15 |
| **Andrew MacFarlane** | 4 | 0 | 11 | 2.75 |
| **John Cunningham-Rolls** | 1 | 1 | 11 | - |
| **Mark Kirwan** | 2 | 0 | 11 | 5.5 |
| **Graeme Wright** | 3 | 2 | 9 | 9 |
| **Bob Colethorpe** | 1 | 0 | 9 | 9 |
| **Edward Harcourt** | 3 | 0 | 8 | 2.66 |
| **Tim Horsey** | 3 | 1 | 5 | 2.5 |
| **Mark Gardiner** | 1 | 0 | 5 | 5 |
| **David Young** | 1 | 1 | 3 | - |
| **Andrew Fielding** | 2 | 0 | 1 | .5 |
| **Pete Grant** | 1 | 0 | 1 | 1 |
| **Duncan Ferguson** | 3 | 1 | 0 | 0 |
| **J. Bristow** | 1 | 0 | 0 | 0 |
| **Jerry Wright** | 0 | 0 | 0 | - |
| **Mark Hyde** | 1 | 0 | 0 | 0 |

## Season Batting (by ave)

| Player | Inns | No | Runs | Ave |
|:--|:--|:--|:--|:--|
| **Will Wright** | 1 | 0 | 53 | 53 |
| **Simon Barrowcliff** | 7 | 1 | 304 | 50.66 |
| **Richard Olver** | 2 | 1 | 49 | 49 |
| **Steven Hornsby** | 6 | 0 | 257 | 42.83 |
| **Ian Marshall** | 5 | 1 | 147 | 36.75 |
| **William Calvert** | 5 | 3 | 68 | 34 |
| **Simon Gardiner** | 1 | 0 | 33 | 33 |
| **John Stimpfig** | 4 | 1 | 89 | 29.66 |
| **Richard Earney** | 7 | 0 | 140 | 20 |
| **Edward Garland** | 2 | 1 | 15 | 15 |
| **Richard Beswick** | 9 | 1 | 113 | 14.12 |
| **Graeme Wright** | 3 | 2 | 9 | 9 |
| **Bob Colethorpe** | 1 | 0 | 9 | 9 |
| **Jim Grant** | 3 | 0 | 19 | 6.33 |
| **Mark Kirwan** | 2 | 0 | 11 | 5.5 |
| **Mark Gardiner** | 1 | 0 | 5 | 5 |
| **Andrew MacFarlane** | 4 | 0 | 11 | 2.75 |
| **Edward Harcourt** | 3 | 0 | 8 | 2.66 |
| **Tim Horsey** | 3 | 1 | 5 | 2.5 |
| **Pete Grant** | 1 | 0 | 1 | 1 |
| **Andrew Fielding** | 2 | 0 | 1 | .5 |
| **Duncan Ferguson** | 3 | 1 | 0 | 0 |
| **J. Bristow** | 1 | 0 | 0 | 0 |
| **Mark Hyde** | 1 | 0 | 0 | 0 |
| **David Young** | 1 | 1 | 3 | - |
| **Alan Sylvester** | 1 | 1 | 20 | - |
| **Jerry Wright** | 0 | 0 | 0 | - |
| **John Cunningham-Rolls** | 1 | 1 | 11 | - |

## Season Bowling

| Player | O | M | Runs | Wkts | Ave | SR |
|:--|:--|:--|:--|:--|:--|
| **Steven Hornsby** | 43.1 | 2 | 14 | 17.07 | 18.47 |
| **Richard Beswick** | 38.8 | 4 | 8 | 18.62 | 29.1 |
| **Richard Earney** | 16.5 | 1 | 7 | 10.57 | 14.14 |
| **Ian Marshall** | 40 | 9 | 7 | 15.71 | 34.28 |
| **William Calvert** | 22.5 | 1 | 6 | 21.5 | 22.5 |
| **Andrew MacFarlane** | 47 | 9 | 5 | 27 | 56.4 |
| **Graeme Wright** | 30 | 4 | 5 | 21.2 | 36 |
| **Jerry Wright** | 27 | 6 | 3 | 34.66 | 54 |
| **Richard Olver** | 16 | 2 | 3 | 16.66 | 32 |
| **Duncan Ferguson** | 23 | 3 | 1 | 85 | 138 |
| **Simon Barrowcliff** | 2 | 0 | 1 | 7 | 12 |
| **Alan Sylvester** | 13 | 1 | 1 | 84 | 78 |
| **Jim Grant** | 5 | 1 | 1 | 30 | 30 |
| **Pete Grant** | 4 | 1 | 1 | 19 | 24 |
| **Edward Harcourt** | 1 | 0 | 0 | - | - |
| **John Stimpfig** | 1 | 0 | 0 | - | - |
| **John Cunningham-Rolls** | 6 | 1 | 0 | - | - |
| **Mark Kirwan** | 5 | 0 | 0 | - | - |
| **Edward Garland** | 3 | 0 | 0 | - | - |


## Season Bowling (by ave)

| Player | O | M | Runs | Wkts | Ave | SR |
|:--|:--|:--|:--|:--|:--|
| **Simon Barrowcliff** | 2 | 0 | 1 | 7 | 12 |
| **Richard Earney** | 16.5 | 1 | 7 | 10.57 | 14.14 |
| **Ian Marshall** | 40 | 9 | 7 | 15.71 | 34.28 |
| **Richard Olver** | 16 | 2 | 3 | 16.66 | 32 |
| **Steven Hornsby** | 43.1 | 2 | 14 | 17.07 | 18.47 |
| **Richard Beswick** | 38.8 | 4 | 8 | 18.62 | 29.1 |
| **Pete Grant** | 4 | 1 | 1 | 19 | 24 |
| **Graeme Wright** | 30 | 4 | 5 | 21.2 | 36 |
| **William Calvert** | 22.5 | 1 | 6 | 21.5 | 22.5 |
| **Andrew MacFarlane** | 47 | 9 | 5 | 27 | 56.4 |
| **Jim Grant** | 5 | 1 | 1 | 30 | 30 |
| **Jerry Wright** | 27 | 6 | 3 | 34.66 | 54 |
| **Alan Sylvester** | 13 | 1 | 1 | 84 | 78 |
| **Duncan Ferguson** | 23 | 3 | 1 | 85 | 138 |

## Career Batting (min 250 Runs)

| Player | M | Inns | NOs | Runs | Ave |
|:---|:---|:---|:---|:---|:---|


## Career Batting by ave (min 250 Runs)

| Player | M | Inns | NOs | Runs | Ave |
|:---|:---|:---|:---|:---|:---|


## Career Bowling (min 25 wkts)

| Player | M | O | M | R | W | Ave | SR |
|:---|:---|:---|:---|:---|:---|:---|:---|

## Career Bowling by ave (min 25 wkts)

| Player | M | O | M | R | W | Ave | SR |
|:---|:---|:---|:---|:---|:---|:---|:---|
