---
year: "1994"
title: "1994 Statistics"
type: "statistics"
---

## Season Batting

| Player | Inns | No | Runs | Ave |
|:--|:--|:--|:--|:--|
| **Steven Hornsby** | 6 | 1 | 316 | 63.2 |
| **Richard Earney** | 12 | 1 | 298 | 27.09 |
| **Richard Beswick** | 9 | 2 | 258 | 36.85 |
| **Jim Grant** | 7 | 1 | 184 | 30.66 |
| **Ian Marshall** | 8 | 2 | 111 | 18.5 |
| **Edward Garland** | 7 | 1 | 105 | 17.5 |
| **William Calvert** | 7 | 0 | 99 | 14.14 |
| **Pete Grant** | 3 | 1 | 74 | 37 |
| **John Stimpfig** | 3 | 0 | 52 | 17.33 |
| **Jerry Wright** | 8 | 3 | 45 | 9 |
| **Simon Gardiner** | 1 | 0 | 43 | 43 |
| **Simon Barrowcliff** | 7 | 0 | 41 | 5.85 |
| **Alex Stitt** | 4 | 1 | 38 | 12.66 |
| **Mark Kirwan** | 1 | 1 | 23 | - |
| **Paul ...** | 1 | 0 | 15 | 15 |
| **Will Wright** | 1 | 0 | 14 | 14 |
| **David Young** | 6 | 0 | 13 | 2.16 |
| **Graeme Wright** | 2 | 1 | 13 | 13 |
| **Alan Sylvester** | 2 | 0 | 11 | 5.5 |
| **Andrew Gordon** | 3 | 0 | 7 | 2.33 |
| **Vijay Solanki** | 1 | 1 | 6 | - |
| **Chris Barr** | 1 | 0 | 4 | 4 |
| **B. Young** | 1 | 0 | 4 | 4 |
| **Tim Horsey** | 2 | 0 | 3 | 1.5 |
| **Nick Clarke** | 1 | 0 | 1 | 1 |
| **Phil Bentley** | 1 | 0 | 0 | 0 |
| **Edward Harcourt** | 1 | 0 | 0 | 0 |
| **Ainger** | 0 | 0 | 0 | - |
| **Bob Colethorpe** | 0 | 0 | 0 | - |
| **Mark Gardiner** | 2 | 1 | 0 | 0 |
| **Richard Olver** | 1 | 1 | 0 | - |
| **Paul Paton** | 1 | 0 | 0 | 0 |
| **D Wheeler** | 1 | 0 | 0 | 0 |

## Season Batting (by ave)

| Player | Inns | No | Runs | Ave |
|:--|:--|:--|:--|:--|
| **Steven Hornsby** | 6 | 1 | 316 | 63.2 |
| **Simon Gardiner** | 1 | 0 | 43 | 43 |
| **Pete Grant** | 3 | 1 | 74 | 37 |
| **Richard Beswick** | 9 | 2 | 258 | 36.85 |
| **Jim Grant** | 7 | 1 | 184 | 30.66 |
| **Richard Earney** | 12 | 1 | 298 | 27.09 |
| **Ian Marshall** | 8 | 2 | 111 | 18.5 |
| **Edward Garland** | 7 | 1 | 105 | 17.5 |
| **John Stimpfig** | 3 | 0 | 52 | 17.33 |
| **Paul ...** | 1 | 0 | 15 | 15 |
| **William Calvert** | 7 | 0 | 99 | 14.14 |
| **Will Wright** | 1 | 0 | 14 | 14 |
| **Graeme Wright** | 2 | 1 | 13 | 13 |
| **Alex Stitt** | 4 | 1 | 38 | 12.66 |
| **Jerry Wright** | 8 | 3 | 45 | 9 |
| **Simon Barrowcliff** | 7 | 0 | 41 | 5.85 |
| **Alan Sylvester** | 2 | 0 | 11 | 5.5 |
| **Chris Barr** | 1 | 0 | 4 | 4 |
| **B. Young** | 1 | 0 | 4 | 4 |
| **Andrew Gordon** | 3 | 0 | 7 | 2.33 |
| **David Young** | 6 | 0 | 13 | 2.16 |
| **Tim Horsey** | 2 | 0 | 3 | 1.5 |
| **Nick Clarke** | 1 | 0 | 1 | 1 |
| **Phil Bentley** | 1 | 0 | 0 | 0 |
| **Edward Harcourt** | 1 | 0 | 0 | 0 |
| **Mark Gardiner** | 2 | 1 | 0 | 0 |
| **Paul Paton** | 1 | 0 | 0 | 0 |
| **D Wheeler** | 1 | 0 | 0 | 0 |
| **Vijay Solanki** | 1 | 1 | 6 | - |
| **Ainger** | 0 | 0 | 0 | - |
| **Bob Colethorpe** | 0 | 0 | 0 | - |
| **Mark Kirwan** | 1 | 1 | 23 | - |
| **Richard Olver** | 1 | 1 | 0 | - |


## Season Bowling

| Player | O | M | Runs | Wkts | Ave | SR |
|:--|:--|:--|:--|:--|:--|
| **Ian Marshall** | 117.2 | 26 | 377 | 21 | 17.95 | 33.48 |
| **Jerry Wright** | 94.5 | 13 | 426 | 16 | 26.62 | 35.43 |
| **Richard Beswick** | 72.3 | 20 | 223 | 14 | 15.92 | 30.98 |
| **Richard Earney** | 33.5 | 3 | 201 | 8 | 25.12 | 25.12 |
| **Edward Garland** | 36 | 1 | 192 | 7 | 27.42 | 30.85 |
| **Alan Sylvester** | 18 | 0 | 75 | 7 | 10.71 | 15.42 |
| **Phil Bentley** | 15 | 0 | 53 | 3 | 17.66 | 30 |
| **Steven Hornsby** | 21 | 0 | 140 | 3 | 46.66 | 42 |
| **Andrew Gordon** | 15 | 2 | 75 | 3 | 25 | 30 |
| **Graeme Wright** | 14 | 6 | 25 | 2 | 12.5 | 42 |
| **William Calvert** | 8 | 0 | 72 | 1 | 72 | 48 |
| **Mark Kirwan** | 6 | 1 | 9 | 1 | 9 | 36 |
| **David Young** | 1 | 0 | 11 | 0 | - | - |
| **Will Wright** | .1 | 0 | 1 | 0 | - | - |
| **Bob Colethorpe** | 3 | 0 | 9 | 0 | - | - |
| **Mark Gardiner** | 1 | 0 | 12 | 0 | - | - |
| **Richard Olver** | 7 | 1 | 36 | 0 | - | - |
| **Pete Grant** | 6 | 0 | 29 | 0 | - | - |
| **Paul Paton** | 6 | 0 | 25 | 0 | - | - |

## Season Bowling (by ave)

| Player | O | M | Runs | Wkts | Ave | SR |
|:--|:--|:--|:--|:--|:--|
| **Mark Kirwan** | 6 | 1 | 9 | 1 | 9 | 36 |
| **Alan Sylvester** | 18 | 0 | 75 | 7 | 10.71 | 15.42 |
| **Graeme Wright** | 14 | 6 | 25 | 2 | 12.5 | 42 |
| **Richard Beswick** | 72.3 | 20 | 223 | 14 | 15.92 | 30.98 |
| **Phil Bentley** | 15 | 0 | 53 | 3 | 17.66 | 30 |
| **Ian Marshall** | 117.2 | 26 | 377 | 21 | 17.95 | 33.48 |
| **Andrew Gordon** | 15 | 2 | 75 | 3 | 25 | 30 |
| **Richard Earney** | 33.5 | 3 | 201 | 8 | 25.12 | 25.12 |
| **Jerry Wright** | 94.5 | 13 | 426 | 16 | 26.62 | 35.43 |
| **Edward Garland** | 36 | 1 | 192 | 7 | 27.42 | 30.85 |
| **Steven Hornsby** | 21 | 0 | 140 | 3 | 46.66 | 42 |
| **William Calvert** | 8 | 0 | 72 | 1 | 72 | 48 |
## Career Batting (min 250 Runs)

| Player | M | Inns | NOs | Runs | Ave |
|:---|:---|:---|:---|:---|:---|


## Career Batting by ave (min 250 Runs)

| Player | M | Inns | NOs | Runs | Ave |
|:---|:---|:---|:---|:---|:---|


## Career Bowling (min 25 wkts)

| Player | M | O | M | R | W | Ave | SR |
|:---|:---|:---|:---|:---|:---|:---|:---|

## Career Bowling by ave (min 25 wkts)

| Player | M | O | M | R | W | Ave | SR |
|:---|:---|:---|:---|:---|:---|:---|:---|
